canonical_doi <- c(
  'compendium' = 'https://doi.org/10.5281/zenodo.8186993'
  , 'projection' = 'https://doi.org/10.5281/zenodo.19631960'
)
